264
264
264
264
264
264
264
264
264
264
264
264
264
264
264
264
264
264
264
264
264
264
264
264
264
264
264
264
264
264
264
264
264
264
264
264
264
264
264
264
264
264
264
264
264
264
264
264
264
264
199
538
66
20
329773
33
2146
87
518702
501
43
7466
36
585
42
33190
138
288580
89501
137972
110
213
1259
696
2464
1466
618
13562
139645
38
95313
48
34804
55
185
42
687
40
76816
80
35
68
1092
87
518358
87
518358
87
542656
87
542864
87
580168
87
581052
87
580575
87
580506
87
593326
87
630193
87
690544
87
689728
87
737881
87
786353
87
810472
87
822474
87
859431
87
883467
87
895826
87
1066870
87
1178018
87
1263425
87
1287858
87
1312959
87
1313348
87
1337333
87
1400755
87
1446506
87
1482906
87
1648207
87
1675020
87
1768069
87
1820724
87
1872580
87
1910282
87
1948564
87
1963356
87
2000357
87
2001112
87
2028754
87
2054534
87
2108991
87
2120449
87
2144502
87
2194873
87
2233346
87
2272954
87
2272608
143
2299984
395591
87
2299904
87
2327073
87
2327647
87
2355267
87
2369625
87
2395822
87
2409454
87
2408667
51
854158
382
3439
302961
223950
283527
212485
294577
217403
294754
224723
319834
238115
305991
228569
276351
201302
290320
219562
313186
235140
281451
212683
283394
216458
309908
228200
287216
214194
312803
236176
301489
226176
303788
224496
308360
231167
317924
235487
280058
209636
263927
199928
290125
217994
303399
226972
303833
225898
286721
217090
291790
220214
284445
213632
295306
222219
4578
287515
214523
299253
217269
287551
217361
284917
217750
268395
205507
284238
214464
281023
208563
264862
202571
283579
216846
280808
209948
258186
196701
280186
214012
262389
199533
273297
208830
280606
211461
301614
224833
262326
200868
280425
212078
286365
219067
282982
214024
287783
215491
294622
219723
300392
221323
263841
199704
300094
225820
279059
211457
305749
229015
263514
201694
291581
224380
299433
224921
279233
209700
283099
217846
262134
202178
277204
211665
2016
283540
213573
296799
218137
289001
215676
267579
275736
262602
202037
303577
222664
305182
227051
281206
262998
199560
304155
227212
294854
219967
291507
216796
292877
221111
290301
220429
265359
205410
311850
291648
215124
635
292124
214518
291516
215643
284995
210759
287058
215658
294058
218345
803
278154
205532
272444
208885
283659
207615
276580
204742
262361
193078
285655
213005
265508
441
280884
302406
224355
307278
224626
270249
217206
825
285559
217366
273433
205395
262220
282284
206944
250879
191229
247847
195027
292623
223121
2822
291719
214677
279660
210450
312231
230535
304028
225382
288605
224739
287421
210985
299203
231137
288945
214208
290824
219621
299730
228755
320591
234687
307351
224194
272046
203116
310920
227888
322971
231335
280082
211328
278140
212833
287003
212311
286612
215563
290154
217177
298062
219634
279176
208519
133
288909
219260
3392
287044
215366
266886
198240
321364
236775
303160
224300
333359
244061
287389
211364
303095
222185
277873
297769
218122
305619
226155
279385
211511
309734
231237
349666
252346
320182
234377
292721
218025
301532
223896
283098
210633
293893
221616
307607
227189
284414
212153
296927
218832
294548
217518
264515
200707
320872
316927
237221
321678
239494
322221
238579
292390
225109
2841
299755
220745
280519
208115
296472
223736
285297
218527
293892
218130
282131
213225
301311
222650
292163
218570
291942
218685
265433
201425
281605
208763
260339
198101
274187
207411
274182
206986
289505
290430
214061
291024
218677
278486
291028
217842
288354
219923
277255
208745
281358
213240
288750
218864
238
269684
203491
283747
218695
348
1652
1481
1477
1481
1474
1478
1481
1410
1475
1484
1486
1412
1472
1469
1482
1484
1480
1480
1477
1412
1481
1467
1485
1478
1479
1409
1498
1486
2204
1467
1467
1471
1482
1467
1486
1407
1471
1470
1469
1469
1475
1466
1467
1464
1477
1466
1472
1478
1399
1471
1471
1464
1473
1476
1477
1481
1467
1477
1474
1476
1474
1483
1478
1094
1470
1473
1415
1392
1401
1403
1472
1468
1408
1478
1458
1405
1477
1459
1413
1402
1411
1458
305
1399
1459
1404
1466
1472
416
1399
1404
1406
1449
1394
1403
1388
242
1399
1472
1465
1399
429
1472
1408
1410
1413
1411
1412
1464
1356
1406
1468
1467
1407
1398
1404
1401
1468
1460
1398
1467
1477
1399
1404
1468
1402
1410
1462
1402
1490
1403
1468
64
1408
1689
1389
1388
1462
1394
1465
1451
1456
1394
1457
1457
1462
1473
1464
1460
1395
1460
1461
1401
1450
1458
1454
1398
1471
1392
1463
1478
1469
1401
1426
1486
1408
1478
1477
1472
1411
1413
1473
1481
1406
1479
1414
1487
1476
1395
1414
1478
1409
1491
1400
1411
1479
1474
114
1399
1403
11097
348
3551
208826
399471
207368
397588
202213
398980
202321
395004
204122
402473
206781
401233
200773
394155
200721
397422
214301
396642
213166
396367
215156
394189
205268
397764
208448
394676
206884
396668
207356
397171
213179
402402
206665
403047
206719
397816
203828
395655
200446
396932
201079
393304
214894
395410
205121
397601
207014
399449
205560
395559
223733
396079
215708
399071
364
90
45
1306
176
49030
54853
18925
50338
42
1816
166
13369
287630
89476
137986
37
33758
50
173
48
3665833
45
22444
4711
209017
403166
214791
401657
210197
396079
222280
398423
214154
392829
230017
399422
208430
388245
210527
397924
215505
399444
210938
399591
217508
402008
223510
402128
196004
394075
205409
398734
206270
398951
207785
402770
208400
396147
215380
403027
210602
399307
202072
393747
215861
398510
215045
401960
211277
400824
215852
401260
207797
394503
214934
400649
212369
403888
197547
395824
218501
403757
221894
399032
224318
399215
216623
403209
234796
399719
206573
403468
2363
211456
391012
202758
395430
208671
392442
205464
379320
190631
382161
207769
389515
206291
395759
200961
397498
204425
387072
208158
393863
202297
394682
199834
393642
210021
396347
203267
395758
205226
389593
201558
390129
211999
386041
204238
391727
681
203728
386519
202030
388211
203374
386320
198557
393964
202057
393467
919
196020
385201
204548
388559
206100
387763
196985
385403
190245
382701
201693
386444
198238
379192
547
203816
387330
205495
393847
195228
392059
203258
386221
945
199025
388992
205003
383175
204062
379337
199840
385627
198601
387413
198116
383029
191210
384933
2919
206766
390063
208493
395439
203994
395131
211464
391994
201375
385452
198742
388391
203863
392959
208302
395690
197107
394189
201208
386466
203757
394653
214809
395820
203627
383345
200084
383968
211228
395455
212742
393002
216286
393839
196983
394378
197395
388992
223254
395616
202948
392306
196322
394505
167
204870
389089
3633
198727
379632
202115
380651
209202
393129
192404
383531
203019
395197
190921
387230
203160
390628
205502
379687
205165
392302
201992
392954
203835
397338
207173
394793
204825
396434
212165
394065
198721
389718
204906
396355
197727
389192
206199
385558
201458
392120
201317
387647
198479
